     isodata     canny  flood_fill
0   0.971487  0.958870    0.962996
1   0.971961  0.954574    0.958475
2   0.974493  0.963697    0.967548
3   0.980860  0.961834    0.965197
4   0.973318  0.933882    0.939101
5   0.944070  0.937641    0.949023
6   0.940760  0.848467    0.863146
7   0.966296  0.947336    0.949319
8   0.948470  0.921468    0.934707
9   0.955592  0.924188    0.931486
10  0.943698  0.917239    0.934730
11  0.949663  0.930528    0.936914
12  0.672398  0.899852    0.915285
13  0.976824  0.969379    0.969952
14  0.936106  0.900367    0.915173
15  0.971487  0.963197    0.969197
16  0.974636  0.956500    0.962852
17  0.970777  0.957375    0.963920
18  0.968386  0.948057    0.950056
19  0.960832  0.953863    0.953575

isodata       18.952114
canny         18.748315
flood_fill    18.892653
dtype: float64
