     isodata     canny  flood_fill  ict  watershed  felzenszwalb
0   0.999915  1.000000    1.000000  1.0   0.030148           1.0
1   0.999854  0.999912    1.000000  1.0   0.030755           1.0
2   0.998050  0.999733    0.998666  1.0   0.022184           1.0
3   0.999636  0.999932    0.999954  1.0   0.026042           1.0
4   0.999062  1.000000    1.000000  1.0   0.033126           1.0
5   0.966275  1.000000    1.000000  1.0   0.102728           1.0
6   0.994127  1.000000    1.000000  1.0   0.073994           1.0
7   1.000000  1.000000    1.000000  1.0   0.059870           1.0
8   0.999183  1.000000    1.000000  1.0   0.103703           1.0
9   0.997887  1.000000    1.000000  1.0   0.146720           1.0
10  0.992741  1.000000    1.000000  1.0   0.122605           1.0
11  0.988155  0.999591    0.988843  1.0   0.040499           1.0
12  0.576859  1.000000    1.000000  1.0   0.183090           1.0
13  0.994263  1.000000    0.999712  1.0   0.028222           1.0
14  0.999193  1.000000    1.000000  1.0   0.124952           1.0
15  0.993529  1.000000    0.999066  1.0   0.027426           1.0
16  0.999138  1.000000    1.000000  1.0   0.029117           1.0
17  0.999838  0.999870    1.000000  1.0   0.033725           1.0
18  1.000000  1.000000    1.000000  1.0   0.057231           1.0
19  0.999638  1.000000    0.999777  1.0   0.027489           1.0

isodata         19.497342
canny           19.999038 <- The one to use
flood_fill      19.986019
ict             20.000000 <-
watershed        1.303626
felzenszwalb    20.000000 <-
dtype: float64
 ict and felzenszwalb are so high it kinds of makes me uncertain that
 precision is working correctly, so we'll use canny method instead
